2 0.8498479578125 0.4906204 0.8387921953124999 0.4945807222222222 0.8378779796875 0.5127206111111111 0.85281106875 0.5370905027777777 0.863632878125 0.5320543416666667 0.8660806640625 0.5105361638888889 0.8498479578125 0.4906204
1 0.8169198328125 0.5403962638888888 0.82241705 0.5410067638888889 0.8316936078125 0.5414137583333333 0.8429171 0.5408032583333333 0.843718771875 0.5312388805555556 0.843718771875 0.5245234611111111 0.8373053546874999 0.515162575 0.832266234375 0.5139415944444444 0.8318081312500001 0.5094646472222222 0.8258528171874999 0.4999002694444445 0.816445696875 0.4997504277777778 0.8134840671875001 0.5084471611111111 0.811766190625 0.516383563888889 0.809933778125 0.5267619361111111 0.81039188125 0.5306283861111111 0.8169198328125 0.5403962638888888
1 0.8817412078125001 0.5723453694444445 0.884375290625 0.5806887749999999 0.8895289343749999 0.5880146861111111 0.8936518484375 0.5892356638888889 0.8960568859375 0.5867936972222222 0.9021267343750001 0.5861832083333334 0.90292840625 0.5882181777777777 0.9065932296874999 0.5878111805555555 0.9080820609375 0.584148225 0.9089982546875 0.5815027555555555 0.91254854375 0.5810957611111112 0.9142664328125001 0.5731593611111111 0.9155262078125 0.5601355277777778 0.914037375 0.5532166055555556 0.90624965 0.54161725 0.9001211109374999 0.5418858277777778 0.8993781296875 0.5426347361111111 0.8974311953124999 0.5556585805555556 0.885864121875 0.5566760666666666 0.8836881421875 0.5625774944444444 0.8817412078125001 0.5723453694444445
1 0.8985045312500001 0.6635425361111111 0.9032726500000001 0.6732857527777778 0.9101864296875 0.6866297416666667 0.9157889828125001 0.6961611527777778 0.919245865625 0.6963729555555556 0.9256828328125 0.6942548694444444 0.92937813125 0.6917131527777778 0.9311661718750001 0.6800636527777778 0.9302125578125 0.6758274694444444 0.926398046875 0.6684141444444445 0.92234515 0.6586709277777778 0.92234515 0.6542229277777778 0.9248484187500001 0.6372782027777778 0.9185306531249999 0.626052311111111 0.9063173843750001 0.6280871361111111 0.9047030906250001 0.6307121166666667 0.9017230078124999 0.6404553305555556 0.9010077937500001 0.6491395166666667 0.8992197453124999 0.6578236888888889 0.8985045312500001 0.6635425361111111
1 0.93450386875 0.6815463166666667 0.9386759671875 0.6847234583333334 0.9449937343749999 0.6838762194444444 0.9476162031250001 0.6790046 0.9488082312499999 0.6741329916666666 0.949642659375 0.6648133944444444 0.9453513484375 0.6588827333333334 0.9412984375000001 0.6491395166666667 0.9434440921875 0.6351601027777778 0.94380170625 0.6281704027777778 0.93414625625 0.6152500472222222 0.923656378125 0.6173681388888889 0.9211189140625 0.6282778166666667 0.9258020328125 0.6370663861111111 0.9229411640625 0.6550701666666666 0.9256828328125 0.6624834916666666 0.92985494375 0.6726503277777778 0.93450386875 0.6815463166666667
1 0.9421328640625 0.6491395166666667 0.9460665625000001 0.6586709277777778 0.9503578734374999 0.6648133944444444 0.949642659375 0.6741329916666666 0.9510731 0.6773101333333333 0.9542915843750001 0.6773101333333333 0.9561988265625001 0.6756156527777778 0.9603709374999999 0.6749802305555556 0.9635894203125 0.6711676666666667 0.9657350765625001 0.6671432972222222 0.9660926906249999 0.6595181666666666 0.96275499375 0.6546465472222222 0.9561988265625001 0.6455387555555556 0.956794840625 0.6393962888888889 0.9579868687499999 0.62689955 0.9579868687499999 0.6243578388888888 0.9527419421875001 0.6173681388888889 0.9430864921875 0.6196980416666666 0.9409615453125 0.6217946972222222 0.94141765 0.6243578388888888 0.9442785203125 0.6277467833333333 0.9442785203125 0.6326183972222222 0.94368250625 0.6383372444444445 0.9421328640625 0.6491395166666667
1 0.9651167624999999 0.669969375 0.9666201609374999 0.6736583833333334 0.9697701359374999 0.6735311777777778 0.9758553109375001 0.6713686555555556 0.9764996234375 0.6697149611111111 0.976857575 0.6644994722222222 0.9771439359375 0.6604288472222223 0.9765712125 0.6548317305555555 0.9743519125000001 0.6493618277777778 0.9695553625000001 0.6405845416666667 0.9706292140624999 0.6346058083333334 0.9714167125 0.6284998638888889 0.9714883000000001 0.6227755444444445 0.9662622109375001 0.6138710500000001 0.9563827484375 0.6150159138888889 0.9544477515625 0.6186156 0.9585304593749999 0.6246836527777777 0.9565975218749999 0.6454184055555555 0.9664053875 0.6590295666666667 0.9663337999999999 0.6662803694444445 0.9651167624999999 0.669969375
2 0.7939398375 0.5900681861111111 0.8021893765625 0.5893531388888889 0.8052074953125 0.5947159805555556 0.8106401203125 0.5897106527777778 0.8148655015624999 0.5825602027777778 0.8180848453125 0.557891175 0.808024409375 0.5421601833333333 0.7848152546875 0.5471363 0.7822697515625 0.568259325 0.7816661296875 0.5764823333333333 0.7842818296875 0.5900681861111111 0.7913241265625001 0.5957885416666667 0.7939398375 0.5900681861111111
2 0.8512474921875001 0.5553145611111111 0.84370695 0.5409982555555556 0.821056153125 0.5424489222222222 0.8178832109374999 0.5663271111111111 0.8180897968749999 0.5701815083333334 0.826353396875 0.5828459277777778 0.8473222765624999 0.5817446805555556 0.8512474921875001 0.5553145611111111
2 0.8770712296875001 0.5832130138888889 0.8791371359375001 0.5810105083333333 0.8837854093749999 0.5553145611111111 0.8769679375000001 0.5419159722222222 0.854608771875 0.5416227555555556 0.8534166781250001 0.5463209888888889 0.851350784375 0.5679789916666667 0.8583748421875 0.5804598722222222 0.8611638062500001 0.5806434222222222 0.8770712296875001 0.5832130138888889
2 0.8720926265625 0.6040940111111112 0.8722992234375001 0.5965687749999999 0.8641389140625 0.5846385166666667 0.8429908296875 0.5908621805555556 0.8400711875000001 0.5954675166666666 0.8359393875000001 0.6233659666666667 0.8487479640625001 0.6400683333333334 0.8686838968749999 0.6327266333333333 0.8720926265625 0.6040940111111112
0 0.249991640625 0.18675472777777777 0.2567925859375 0.1863606638888889 0.263223909375 0.18465308888888887 0.269950925 0.18255144166666668 0.28133510781250004 0.17585246666666668 0.28865352031249997 0.17112377777777776 0.2930149921875 0.16770860833333334 0.2954544578125 0.16389938333333331 0.2956023015625 0.1599588111111111 0.2964154625 0.1541793 0.298411390625 0.13723481944444446 0.29471522656250004 0.1381542888888889 0.28843174843749997 0.15312847500000001 0.2845138125 0.16087827777777777 0.2802262609375 0.1627172111111111 0.26906384375000003 0.16560696666666666 0.25095264375 0.17072971666666667 0.23971630312499997 0.17361946944444445 0.23483736875 0.17729734444444445 0.232332684375 0.1833969138888889 0.2326196671875 0.1863606638888889 0.23535483125 0.18780554444444444 0.2382378375 0.18872501111111112 0.2432646234375 0.18806825000000002 0.249991640625 0.18675472777777777
0 0.3051215828125 0.16550762777777778 0.30485879531250004 0.1673753722222222 0.30468360625 0.16971004166666667 0.30590993593750004 0.170332625 0.3069610703125 0.16971004166666667 0.30617271874999996 0.16784230555555554 0.3065230984375 0.16566327777777776 0.3109904265625 0.16613020833333333 0.3150197875 0.1664415 0.31589573125000003 0.16395118055555555 0.318173196875 0.1634842472222222 0.32666989062499996 0.1636398888888889 0.33245113593750003 0.16177215277777776 0.3366556875 0.15990440555555557 0.3402470703125 0.15881489166666668 0.3397215046875 0.15616893055555556 0.3378820125 0.1535229638888889 0.3354293609375 0.1507213527777778 0.3255311578125 0.15087699444444444 0.31300510937500003 0.15321167222222223 0.2972380578125 0.15492376666666668 0.2885661734375 0.15383425277777776 0.2846244109375 0.15025441944444445 0.278317590625 0.13702459166666667 0.2753005546875 0.13744700277777777 0.2787555671875 0.16083828055555555 0.2792811328125 0.162550375 0.2947854015625 0.16519633611111112 0.29732565 0.16613020833333333 0.3051215828125 0.16550762777777778
0 0.3563386953125 0.39047869166666666 0.3543215734375 0.3940628666666666 0.359456065625 0.3937370333333333 0.38787911875000003 0.3839620138888889 0.41813591250000004 0.39504037222222216 0.4727815265625 0.4126354 0.4933194765625 0.41426456666666667 0.5108996671875 0.4148075972222222 0.5287108968750001 0.42132427499999997 0.5419138625000001 0.42718928611111107 0.5512659671875 0.42816678055555557 0.53622925 0.4659635166666667 0.5232096640624999 0.443480975 0.518075171875 0.4421776333333333 0.530004715625 0.4748252444444444 0.53623944375 0.47775775000000004 0.544491296875 0.4803644111111111 0.550542659375 0.4810160805555555 0.5556771515625 0.4784094194444445 0.5842835749999999 0.44159018055555554 0.5905183078125 0.4406126833333333 0.591435178125 0.44224185 0.5829999546875 0.44875852777777775 0.5859339453125 0.4520168583333333 0.5927188078125 0.4559268777777778 0.5995036609375 0.4621177138888889 0.604638153125 0.46667938333333336 0.6231589828125 0.46700522777777775 0.63086070625 0.4647243916666667 0.6330612062500001 0.45625270277777774 0.6345282078125 0.44159018055555554 0.6339780765625 0.4331271472222222 0.62737659375 0.42726213611111113 0.6358118171875 0.42041963055555553 0.6418631703125001 0.42139712777777777 0.6710197328125 0.4233521361111111 0.6871566812500001 0.424655475 0.6972422953125 0.4253071444444444 0.6972422953125 0.43475633055555557 0.6959586640625 0.43768883333333336 0.69504179375 0.44257633055555556 0.696692165625 0.4477896694444445 0.700359646875 0.44681217500000003 0.702376778125 0.442902175 0.7016432765625 0.43931800000000004 0.6998095359375001 0.43638549444444447 0.6988926656250001 0.4324754777777778 0.6994427765625 0.42400380555555556 0.708794890625 0.4233521361111111 0.7185137453125 0.42270046666666666 0.7307998203125 0.4194421361111111 0.7370345625 0.41553211944444446 0.7386849343749999 0.4122737888888889 0.738134803125 0.40706044722222223 0.7350174515625 0.3998920972222222 0.7307998203125 0.3946787583333333 0.7247484671875 0.3868587388888889 0.716302271875 0.3734995555555556 0.711351159375 0.3682862166666666 0.7045662859374999 0.36470204166666664 0.6970479328125 0.3624212055555555 0.673576003125 0.3598145277777778 0.6427690687500001 0.3578595166666667 0.56035208125 0.3526461777777778 0.5326625390624999 0.32755697500000003 0.5238605546875 0.3200628 0.5203764421875 0.31452361666666667 0.5126747203125 0.2982319277777778 0.5088238484375001 0.2982319277777778 0.5161588312500001 0.3262536361111111 0.52110994375 0.33472532222222223 0.52752805625 0.3474328388888889 0.5256942953125 0.35036534444444445 0.5060732171875 0.35297202222222224 0.48315141562499997 0.35297202222222224 0.45069412187499996 0.3526461777777778 0.44317575781249996 0.3493878472222222 0.4319899140625 0.3418936722222222 0.4235546890625 0.33505115 0.417686696875 0.3239728 0.3850460328125 0.25978353055555553 0.3819286703125 0.2584801916666667 0.3680982140625 0.2592843722222222 0.383064040625 0.36045675555555556 0.3650933328125 0.36506364999999996 0.364407178125 0.3722319944444445 0.37742676406250003 0.380703675 0.3563386953125 0.39047869166666666