2 0.1339193359375 0.5105361638888889 0.136367121875 0.5320543416666667 0.14718893125000002 0.5370905027777777 0.1621220203125 0.5127206111111111 0.1612078046875 0.4945807222222222 0.1501520421875 0.4906204 0.1339193359375 0.5105361638888889
1 0.18960811875 0.5306283861111111 0.190066221875 0.5267619361111111 0.188233809375 0.516383563888889 0.1865159328125 0.5084471611111111 0.183554303125 0.4997504277777778 0.1741471828125 0.4999002694444445 0.16819186875 0.5094646472222222 0.167733765625 0.5139415944444444 0.1626946453125 0.515162575 0.156281228125 0.5245234611111111 0.156281228125 0.5312388805555556 0.1570829 0.5408032583333333 0.16830639218750001 0.5414137583333333 0.17758295 0.5410067638888889 0.1830801671875 0.5403962638888888 0.18960811875 0.5306283861111111
1 0.1163118578125 0.5625774944444444 0.11413587812499999 0.5566760666666666 0.1025688046875 0.5556585805555556 0.1006218703125 0.5426347361111111 0.0998788890625 0.5418858277777778 0.09375035000000001 0.54161725 0.085962625 0.5532166055555556 0.0844737921875 0.5601355277777778 0.0857335671875 0.5731593611111111 0.08745145625 0.5810957611111112 0.09100174531250001 0.5815027555555555 0.0919179390625 0.584148225 0.0934067703125 0.5878111805555555 0.09707159374999999 0.5882181777777777 0.09787326562500001 0.5861832083333334 0.10394311406250001 0.5867936972222222 0.10634815156249999 0.5892356638888889 0.110471065625 0.5880146861111111 0.115624709375 0.5806887749999999 0.11825879218749999 0.5723453694444445 0.1163118578125 0.5625774944444444
1 0.1007802546875 0.6578236888888889 0.09899220625 0.6491395166666667 0.0982769921875 0.6404553305555556 0.095296909375 0.6307121166666667 0.093682615625 0.6280871361111111 0.081469346875 0.626052311111111 0.07515158125 0.6372782027777778 0.07765485 0.6542229277777778 0.07765485 0.6586709277777778 0.073601953125 0.6684141444444445 0.0697874421875 0.6758274694444444 0.068833828125 0.6800636527777778 0.07062186875000001 0.6917131527777778 0.0743171671875 0.6942548694444444 0.080754134375 0.6963729555555556 0.0842110171875 0.6961611527777778 0.08981357031250001 0.6866297416666667 0.09672735 0.6732857527777778 0.10149546875 0.6635425361111111 0.1007802546875 0.6578236888888889
1 0.07014505625 0.6726503277777778 0.0743171671875 0.6624834916666666 0.0770588359375 0.6550701666666666 0.0741979671875 0.6370663861111111 0.0788810859375 0.6282778166666667 0.076343621875 0.6173681388888889 0.06585374375 0.6152500472222222 0.056198293749999996 0.6281704027777778 0.05655590781249999 0.6351601027777778 0.058701562500000005 0.6491395166666667 0.0546486515625 0.6588827333333334 0.050357340625000004 0.6648133944444444 0.05119176875 0.6741329916666666 0.052383796875 0.6790046 0.055006265624999995 0.6838762194444444 0.0613240328125 0.6847234583333334 0.06549613125 0.6815463166666667 0.07014505625 0.6726503277777778
1 0.05631749375 0.6383372444444445 0.0557214796875 0.6326183972222222 0.0557214796875 0.6277467833333333 0.058582350000000005 0.6243578388888888 0.0590384546875 0.6217946972222222 0.0569135078125 0.6196980416666666 0.0472580578125 0.6173681388888889 0.04201313125 0.6243578388888888 0.04201313125 0.62689955 0.043205159375 0.6393962888888889 0.0438011734375 0.6455387555555556 0.037245006250000004 0.6546465472222222 0.033907309375 0.6595181666666666 0.0342649234375 0.6671432972222222 0.0364105796875 0.6711676666666667 0.0396290625 0.6749802305555556 0.0438011734375 0.6756156527777778 0.045708415625 0.6773101333333333 0.0489269 0.6773101333333333 0.050357340625000004 0.6741329916666666 0.0496421265625 0.6648133944444444 0.0539334375 0.6586709277777778 0.0578671359375 0.6491395166666667 0.05631749375 0.6383372444444445
1 0.0336662 0.6662803694444445 0.033594612499999996 0.6590295666666667 0.043402478125 0.6454184055555555 0.041469540625 0.6246836527777777 0.0455522484375 0.6186156 0.0436172515625 0.6150159138888889 0.0337377890625 0.6138710500000001 0.0285117 0.6227755444444445 0.0285832875 0.6284998638888889 0.029370785937499998 0.6346058083333334 0.0304446375 0.6405845416666667 0.0256480875 0.6493618277777778 0.0234287875 0.6548317305555555 0.0228560640625 0.6604288472222223 0.023142425 0.6644994722222222 0.0235003765625 0.6697149611111111 0.0241446890625 0.6713686555555556 0.0302298640625 0.6735311777777778 0.0333798390625 0.6736583833333334 0.0348832375 0.669969375 0.0336662 0.6662803694444445
2 0.2086758734375 0.5957885416666667 0.2157181703125 0.5900681861111111 0.2183338703125 0.5764823333333333 0.21773024843750002 0.568259325 0.21518474531249998 0.5471363 0.191975590625 0.5421601833333333 0.1819151546875 0.557891175 0.18513449843750002 0.5825602027777778 0.1893598796875 0.5897106527777778 0.1947925046875 0.5947159805555556 0.1978106234375 0.5893531388888889 0.20606016249999998 0.5900681861111111 0.2086758734375 0.5957885416666667
2 0.1526777234375 0.5817446805555556 0.173646603125 0.5828459277777778 0.181910203125 0.5701815083333334 0.1821167890625 0.5663271111111111 0.178943846875 0.5424489222222222 0.15629305 0.5409982555555556 0.1487525078125 0.5553145611111111 0.1526777234375 0.5817446805555556
2 0.13883619375 0.5806434222222222 0.1416251578125 0.5804598722222222 0.148649215625 0.5679789916666667 0.146583321875 0.5463209888888889 0.145391228125 0.5416227555555556 0.12303206250000001 0.5419159722222222 0.11621459062499999 0.5553145611111111 0.12086286406249999 0.5810105083333333 0.1229287703125 0.5832130138888889 0.13883619375 0.5806434222222222
2 0.131316103125 0.6327266333333333 0.1512520359375 0.6400683333333334 0.16406061249999998 0.6233659666666667 0.1599288125 0.5954675166666666 0.1570091703125 0.5908621805555556 0.1358610859375 0.5846385166666667 0.1277007765625 0.5965687749999999 0.1279073734375 0.6040940111111112 0.131316103125 0.6327266333333333
0 0.7567353765625 0.18806825000000002 0.7617621625 0.18872501111111112 0.76464516875 0.18780554444444444 0.7673803328125001 0.1863606638888889 0.767667315625 0.1833969138888889 0.7651626312500001 0.17729734444444445 0.760283696875 0.17361946944444445 0.74904735625 0.17072971666666667 0.7309361562500001 0.16560696666666666 0.7197737390625 0.1627172111111111 0.7154861875 0.16087827777777777 0.7115682515625 0.15312847500000001 0.7052847734375 0.1381542888888889 0.701588609375 0.13723481944444446 0.7035845375 0.1541793 0.7043976984375 0.1599588111111111 0.7045455421875 0.16389938333333331 0.7069850078125001 0.16770860833333334 0.7113464796875 0.17112377777777776 0.7186648921875001 0.17585246666666668 0.7300490749999999 0.18255144166666668 0.736776090625 0.18465308888888887 0.7432074140625 0.1863606638888889 0.750008359375 0.18675472777777777 0.7567353765625 0.18806825000000002
0 0.70267435 0.16613020833333333 0.7052145984375 0.16519633611111112 0.7207188671875 0.162550375 0.7212444328125 0.16083828055555555 0.7246994453125 0.13744700277777777 0.721682409375 0.13702459166666667 0.7153755890625 0.15025441944444445 0.7114338265625 0.15383425277777776 0.7027619421875 0.15492376666666668 0.6869948906250001 0.15321167222222223 0.6744688421875 0.15087699444444444 0.6645706390624999 0.1507213527777778 0.6621179875000001 0.1535229638888889 0.6602784953125 0.15616893055555556 0.6597529296875 0.15881489166666668 0.6633443125 0.15990440555555557 0.6675488640625 0.16177215277777776 0.6733301093749999 0.1636398888888889 0.681826803125 0.1634842472222222 0.68410426875 0.16395118055555555 0.6849802125 0.1664415 0.6890095734374999 0.16613020833333333 0.6934769015625 0.16566327777777776 0.69382728125 0.16784230555555554 0.6930389296875 0.16971004166666667 0.6940900640625001 0.170332625 0.69531639375 0.16971004166666667 0.6951412046875001 0.1673753722222222 0.6948784171875 0.16550762777777778 0.70267435 0.16613020833333333
0 0.6225732359375 0.380703675 0.635592821875 0.3722319944444445 0.6349066671875 0.36506364999999996 0.616935959375 0.36045675555555556 0.6319017859375 0.2592843722222222 0.6180713296875 0.2584801916666667 0.6149539671875 0.25978353055555553 0.5823133031250001 0.3239728 0.5764453109375001 0.33505115 0.5680100859375 0.3418936722222222 0.5568242421875 0.3493878472222222 0.549305878125 0.3526461777777778 0.516848584375 0.35297202222222224 0.49392678281249996 0.35297202222222224 0.4743057046875 0.35036534444444445 0.47247194375 0.3474328388888889 0.47889005625000003 0.33472532222222223 0.48384116875 0.3262536361111111 0.4911761515625 0.2982319277777778 0.48732527968749995 0.2982319277777778 0.4796235578125 0.31452361666666667 0.47613944531249996 0.3200628 0.4673374609375 0.32755697500000003 0.43964791875 0.3526461777777778 0.35723093125 0.3578595166666667 0.326423996875 0.3598145277777778 0.3029520671875 0.3624212055555555 0.29543371406249996 0.36470204166666664 0.28864884062499996 0.3682862166666666 0.283697728125 0.3734995555555556 0.2752515328125 0.3868587388888889 0.2692001796875 0.3946787583333333 0.2649825484375 0.3998920972222222 0.261865196875 0.40706044722222223 0.261315065625 0.4122737888888889 0.2629654375 0.41553211944444446 0.2692001796875 0.4194421361111111 0.2814862546875 0.42270046666666666 0.291205109375 0.4233521361111111 0.3005572234375 0.42400380555555556 0.30110733437500004 0.4324754777777778 0.3001904640625 0.43638549444444447 0.2983567234375 0.43931800000000004 0.297623221875 0.442902175 0.299640353125 0.44681217500000003 0.30330783437500003 0.4477896694444445 0.30495820625 0.44257633055555556 0.3040413359375 0.43768883333333336 0.30275770468749996 0.43475633055555557 0.30275770468749996 0.4253071444444444 0.31284331875000004 0.424655475 0.3289802671875 0.4233521361111111 0.3581368296875 0.42139712777777777 0.3641881828125 0.42041963055555553 0.37262340625 0.42726213611111113 0.3660219234375 0.4331271472222222 0.36547179218750003 0.44159018055555554 0.36693879375 0.45625270277777774 0.36913929375 0.4647243916666667 0.37684101718749996 0.46700522777777775 0.395361846875 0.46667938333333336 0.4004963390625 0.4621177138888889 0.40728119218750003 0.4559268777777778 0.4140660546875 0.4520168583333333 0.41700004531249996 0.44875852777777775 0.40856482187500004 0.44224185 0.4094816921875 0.4406126833333333 0.415716425 0.44159018055555554 0.44432284843750003 0.4784094194444445 0.449457340625 0.4810160805555555 0.455508703125 0.4803644111111111 0.46376055625 0.47775775000000004 0.46999528437500004 0.4748252444444444 0.48192482812500004 0.4421776333333333 0.47679033593750003 0.443480975 0.46377075 0.4659635166666667 0.44873403281249996 0.42816678055555557 0.45808613749999993 0.42718928611111107 0.471289103125 0.42132427499999997 0.4891003328125 0.4148075972222222 0.5066805234375 0.41426456666666667 0.5272184734375001 0.4126354 0.5818640875 0.39504037222222216 0.61212088125 0.3839620138888889 0.640543934375 0.3937370333333333 0.6456784265625 0.3940628666666666 0.6436613046875 0.39047869166666666 0.6225732359375 0.380703675